6666 666-666 ¹ 161

616663 1666166666 776166 6666 6666 616 76666163666 666 66 gegeben 666666,
6666 6166 666666 6666166616 7166166666 616 mit dieser Bedingung 66666
616666 6166661661 66166, so geschieht 66 611. 1664 666 1666 variae 666
possent 6666, ex 666 616661 1661 66661667 11 914 quoa 61 fone 6166111666,
quid 6666 suit adtribui? V 614 616676161166196, antecameram
17 667 quod 61 quatiunt, 661666 quatiunt. 1166616, 6666 616 1116-
116666661661661 quod 61 sorio 6116616 purat 6, k 1661616 6666 6166 661
wodor 6161666 616 16τ166611 666 6661661 6666161161 (mat 6, 6 w,
1691. Π 60. 716. ΠΙ660), 6666 6166 1661166 6666166666 17666666 ge·
6666661 (11661 6661666116 6116166666 166666), 6666 616 666 666 1166166666
6166 6666666666 Folgerung gemunt, (1666 quod 67 sorte 6116 666661 ,
ratione potesse 16616 in 66616 dimi mutareque eorpus, 6671661 6661661 aa
611666, 61 mim, 16661166 ardor 666616 770. 916. Π660. ΠΙ 666 61
tamen 66661. 696. 7 646 16616 661666 moia 616661616666 6666666661). 116
666 6166 6166 661666 11666661 16611, 166616 6666 616 6666616663 61661
166166, 616 616 1166611 argtum 66111661 6 vem mercatione 6666166661,
666 66116666 1661661666 66116 L 66166 618666 6661661 616 616 666 666
6666666166 16166666 6666616666 6166 663666666 1161661666 6163661616,
6666 66 6666 6666666666 1163666663 3666666666 66116 multa 166666
tanqum 66166666 mala, 666116 petiole. 111666 616616636666 116366666366
661366 6666 66661 deutlich, 6616 6666616616 166 L. 616 66666616 Fometzmg
666 6166661 6636666666 (1666666666 6666, 66 er 6166161666 776666666666
666 76666 mit einer 6666666 ’1666166666 6616661666, 6666666 666 gendo
Gegentheil der These behmpten 6661116. 6611666 6166 616 haganum
Periode 66661166661 666 1666 1661, 616 66 66 61661 quod 61 forte 16666·
dost, 6666666 61 666 1166666661 366661 611166 16611666 1661661166 166666
wir 6666116 6666616666 (6. zu v. 419. 661). - 616 61611 666616166666 odes
6611661666 17666663 maceratur 6666 66 66666661 666611 L. 666 66666666·
11666 advenit 16 quoa 66666661, um 661 quia 666 6661661 611666 6616616 66
6616666166. - 627 praeteritis 66616 6666166166 666 666 6666666 766·
1616666666 admittere 666166, 1769111666 66166 6666 6666111666 611616 61666666
‘etwas bogehon’ in 661666661666 6666166666, 66661666 616 76666666
hier durch 616 666666 66666661661 616 71726 116666 66 661666 d·
66166666 foede 6161666666 superba ‘wonn 661666 male 66661666 6666 66666 16
666 7663663666611 hegen, 66 661166 616 6666 6666 666 (161616 poem
61661166161166 666 Nomen 666 6161. 666 616666 661 1166666666 666
(166166666616666 661 L 6666 171166 66666166 ipse 6616666 66 forte 66-
mordet 1166161666 aym 66161666 Du 17661 161 6666 661166, 666 16 616666
6666161166 3666616666 kenne 166 66 666 666· 61666166666 16116116166661
61661 (wohl 6666 mordere, 016 ’1666 17 70, 46 nulius 661 6666666116
66666661, 11661. XII 94 66· citare 66116 acerba 66666666 61 erista 66116·
cavere 6666666)ς 1166661661 611161 Pelug. ep. 66 1166616166. 4 quid 661 quod
⁴ 6666616116 mordemur: ,1666616116 66666161 616 116666616611666663 666
6666666666 66666666, 6666 jone eingoengte Bedeutung 616 668616166186,
16 666 66666666666 6666666 wohl 666666666611666 666. - 116666 666
1163611 666“11666’ 661 1161166 66 v. 1016.
816 11116666 166616. 666161 ganz 16666 66366666662666166 616,
1647 adae quod 1616661116 nimio 6616666616 116911, 171171 66666666
x 6666666661 viria pereuntque labore, 66166 quod 61166166 666 6616 dem
6666611666. lium 11

 

