ms 4443-444. 444 -

434 443 434 3444 34334444 343443433434 8314343333 33 ’4’33. And 440
3434 444433 444 33334343 qm 4443433 4334344444 43443344 43443344 44334333
4344444444 (3443 1444 4344434444) per 33444443 444 434 34314434 344 443
443343 3134444383, 3433 3344 3433 4443 3444 34 434344444343 Ρ134443344443,
44334 484 4334343 modi: 44 43443 [4344334 4443434433 3443433333 44443344
34433344 433 3433343 44433334 (444 4444333 8444443 444 4444433 Ρ4334 Prot 484)
Β4444. 1434 3434 4444434333 34343334 3433444, 143 34333334 44343443 441014
34344444 V 844 (334 4344 sopitam m 004, sopitus 3343441088, 44344343 .
sopinum), 34444 44433333 mmmmm, 33343443343144143
(3444 334343 434, 3434433 3.) 334333 3433 434 433 44433444 443 ’434434433 4443
34444 33 4344443344 343444 44434134434444 343 444343344334444433.- -3444
:in 444 Η444’, 433 44443 44333 443343 488 ·Ν801 4443.. &mulacrum
343 443 Ηο44’. -488 vapor 3433444444. WInne’, 4443 Opfudumt’, 33444.
- 488 334333 procul 4444 433044 334443 3433444434 3433434433 434 4444444443
4444 3444 44344 4344333 43333 *34444444 4333433,4433344333333’,144343
44333443 434 3443444 3433333443. 1v 148 434 149 434 33 433 343 434 44-
3443444333 3434343343 34434 344443 4344 443444 143433443333431443 4443 34444,
4433 33 43433334. 4433 34444 334 433 4434343434 443 4441433 33, 3434333
433334, 4343“ 343 34 333 33133343. 444 34433443 4443334433, 3333 443 34434434
43443344 443 444 83143433 443 3433344434 434, 434 4341434 3343434441
34331434 443333433343433443833434443144333433444444443444, 3343
344443 [3433434333 (4 4. 4344334 3343434 4334433344 1v 881), 3433444434 3334444433
344 434343). 4433344 434 43344444 344 34343433444 434 1434434444, 3333
3. 480 3333334143 3433 344313344333344 344444443444 niunhu- .
4344 443 44333433 434 333 34443 444433 434 4333344333 443333 44344344
443333343 343 43434 44343433 3444 44344 444 4334 3443343443 3344444344
consetur 43344434 434434 443 43444 34444 3344444. *

484 Dor 44333444 Ammo} diffluere 3334433343 444 44444433 mm
33344 443 4334434433334 44433343 443 4433344343 3344 434 4443444334 443ιέ-
ναι mehr 343 4444433434, 4333 43443 ’4344433444344443344 443343 4343433
4444 3434 434 443333334333 34333434 4444433 443 433 84314 143433
4333 333 4334 4433434444 3343344443 3. 4- -488 sm 44344444” 433 4333433
433 4434344444 433 34343444444333 83344 3444 4333 34444343443 4433344
3444 3. 448. 488) 3344 344 443 4443 3434343 8334 343. 33344 11⁷2
43337) καθ’ 40344 4343444343 ι’(334 ψυχαὶ 344 οὐχ, 443 443343 4 ’8334-
ιουροε, 433443θεῖ443 τῶν ιωμάιιιιν 33433340 δ mv (3443433433 3344334383
34343. GL (V 81144) Epicurei 44444334 344433 4334334343 post 3443441
44334434 quam 44334433 4443434, 4333334434, 34434 emaum 3344344333 3343443344
cadavere 34 44433343 mbram 4434443443 44433344144344434333 44343344
mox 334 3344444, 3444344 [4443333 344344 4444443444 dissolvam Epikur 144
Plato (4444. p. 8813 μὴ.. ,m ψυχὴ] 34044 ἀπαλλαττομένη τοῦ
4ομ4344, 3443344 πνεῦμα ἢ καιινὸι διαεκεδαιθεῑια οἴχηται 4443343433)
3333 34334334333333 n. 48, 100 (3333χή) ᾤχετο.. .ι)ι’πε 3433νο4 4444
83443333 4433 3344· 443433 444434 334 443444 343443434 143 4444333 3343343
plut 44 3333 3434. 34 4804 τὰ( ψυχὰ( 4444404444( εὐθὺς fimo
ὁμίχλαι ἢ καπνοὺι 4343334434( τῶν 4334343433, 334 333444ιὶ3444 4434333
34333434 434 - 487 diffundi - pen‘ro - 3443344334 433 44333434 34443343 4443
44444433 433 4443430443 334 444 (4433443444 433 4343433 434 343343 4ιοὶ
433 333433 4433443433 443 44333333 4433340443 44434434 43434 434

 

