140 comum

ψυχαὶ 16111161 καθ’ Ἅιδην (fr. 3811.) 111 11661611. 6 1111161111δῖ
μεθ’ 111 Ζώγραφοι τοὺ( 1611111 ἐν ’11166 γράφουειν, Ρ16610611 338
6111666166661161166116611166111161611 66611661166161666
16, 11 1666 poetarum 61 pictorum portenta. - 666616 priora 166111·
611611161, 1161111111 1616 11616616166166, 1666 116 gleichzeitigen Ver·
116161 161 1166161111611611616116 6161 dieser Folgemng 161161666 66
66166166 666161. - 631 61 noque 6616616 161611 6161 61611 6611611
661 116 116166616, 1616 manui 11166 666166 1616666 66616611 6661616
6 nobis 1161116111 66111116 neque 6116 (111, 111 11 910), 1661616
will 166 (1616616 116 11616111616 661 161616 661611 616 11111611 616-
1666116616 11661616 661666116166, 1616116 866166 1161161161 111161
16166666, wohl 6161 116 616161666 011166 166661611 66 1161 111166.
- 616 haud 1111116166 111616116161166161611 1661666111 11166616
116161 auditum 111 sonitum 66166, 6661 66 166611666ὶί66 6616, 16 66161
66111116 6661 auditu 116161611166. 16166616 11611 anima 631, 11611
16161 11616166 61111 11616161611661 61661 116111611 166866161 16·
. 116611 worden 111

631-669 ‘Du 116 86616 16161161 1666661111611611161161 161,
66 61661 616 1616161 8116161, 161 1611111161 mitten 1116116111, 6661 116
86616 11611666 1161116166 161 6161· 61611 66616111161 (eu-641). 1116
116616611661 166111111 1666 11666 16 16186116111616161661111161116116
611666116166 1161166, 16 16161166 1611611 11666 1116 161 116611611111611
1111111661, 6116 86616 (en-6⁵6). 16, 1166 1616 16161 6 Β. 6166
86111116 16 11616 811616 16116666, 16166 16161161111111,16166616166·
161166 16 1611666 16166 ’111616161 661 6166 86616 16161116166 hun.
66 161 11616 11 11616 ’116116 161611611166, 16611661 6161 66 1611116161
116161161111 1616616111666 111161 616111161’ - Du 1111616661 1611111
6161 mr 61611616666666 1111 161 116116 sie-547 611, 11111616 6661
1611 166 616616 scindi 161 86616116161611616 6161 1611 116116 661161
1611661 161 81611661 161 1616 1616611, 11611661 1161 6161 116 11- ¹
11666611 61666 ’1161161 16116166166 8661616 11616 1661611. 11661611
161161 116616111 6161116 1666116116 6161611111, 1661616 66 166 86111661
161 166166 616161 (116116 166 1116666166 1661611-1161 1111611611
16661 0116116161, 161 in 11161 p. 981³. 6611, 161 16661166, 1661 116
86616 χωριζομένη διαεκεδάννυται 1616 ἡ 111 παντὸς τοῦ 61111166
binii< μεριετοῦ 11166 1611111 1661 1611616 man 666161 ’1161161611
161 86616 661 1116 Κ1116111611611(1 anch 16 61116 16116111661161 1666
1616666611611 ι Β. 0166116666 1161661161 16 11611 61. 116 661 forsitan
116111 ilia pm 6111166, quaein 1611161116 11111111 661, movetur, 6116111616
mmmm. 166111116116666166166111116111161616111611111661...
inquiram 111161, 1116116116 in 161166 anim queat. 11⁸ 666611 om
66116611161166161661...16616 16 vicinis 6116116666, 6661 ouium
6611161116 6116 111 anima, dividi 1666 eadm 166111, 11 1161616 quotalibet
pem 6111166 anima 111, 61161 1661611111 pars 66116116 empus 661. quod 1616
66161166 1161611611 1661 16666 dimo 8666161 1611111 11611616 16
1616 111616, 16166 166 (1166111661 66116661 66116111, 616116 6161· 116
116116 161 161 partilis 611116 6161 1616611 661616 Vei-treta 161611 161661
166 161 corporalibus 1166111 66661111 Epicureis 661 011161116611 (11661.
118, 661 611 1111161661 161166 6161161 116 muas· 1166116166 1611611111

 

