vm 888-881 111

’181 8818 (1181818118888188881 zu obbndcm 831 1881888 118. in
vn12 888 881888188888888881811818818881888888818881881888
brutescit, 381888888888888818111888888-1111888188118881.118
81111881888181881181883 81888881 88188 888 11888188 1188883. 8 81 811
bipedes 88188888 lino 11838881 lumem (11.18,11 λείψειν 81888 1118)·

1888 181 1188188 1888188 88118818. 88 1011, 881 11888818888,118.
111, 18 8118118 1888188 113811.- -141 8888188818 8818 88881188 8818381811
8188188 dem 888118 8888188888 18 m 184, 8ο (1888 8811118888 118
’11818188 88818 88 8888181888 81818Π11888188111118888 8811118811
(8818888118)8818888818188 888 comoda 181 1888 88838881 3888318

J ε88888888883888388 881 888 888 188 818881888 ’1181188 8188 888888888-
381888318 118888 1111881- 1418888818 888881, wie 888181 1811,
388818ᾳοὶ1888 18 118118188818 188181811, 1888 188 388888 11888188
18188 881 1888181883 8118111181 8818818181, 88 818118881 818 8118111818
Δ18188188188888181881,ι883888888881888888881118888818.-
hominm 181888, 81811 8188 888188 111888.

148-179. L 881888 8881 88818 Argumenta 18118, 188 clio 88818
81811 818 888888818188 (188888 188 1811 888118818 1801. mn 8· 888,
1888 188 1881811 (188 181188 8881 dem ’1818881 8111138 1888111883 188
388888 18888888 8811188888 18888 11 11118 188 318181 hin· 8888111888
118888, 881 88188 88 818883 im (1818188 1881381818883 8188 or 883 88 888,
18 88, 8181181811 18 881888 1881838 88 88118888 stello, 88881 Arguunt·
1881, 118 8181 881 118 (88818888 888 Loro 881 88818 81118188,11888
hier 8188888181188 881 18881 11888 18818811883188888 8818888 38188888
(18881811 88 38188. Dm 88 28888888381181388 188811 8888188818· rig
1188888818 118 818113 8ι· 8181118 jn 81888 88888, 8888 88188138881-
11111388 188888881883 188. ‘Da (18181 181, wie 118 8188888188838,
818 08388 188 1118888838185888, 81818881888888111888838188881
81811188811881888 118888 (Mo-⁵58) Feruor 8181 sodo 881 Κῐηια
1118818881, um 88 18188, 881 81888188 88388188888 nur 188 (1888818 du

- 11188888 888883 118 88818881888 88 11811 8888888888181188, ‹h- 118
Β8888388388 8881311811 888188, dio 1188181883 18818188 (118-1181
1881818118888818818318881188888118818181818888888888818888
188 11181388 purten 1888 188 8113888188 8818 888 188 3838881138
111183131811 188 11188888 881 188 88818,118 118 88818 baffia
durch 118 18118883, 881888 188 118888 118 8888 maiouim 8888881

14818818188888, 88188841. 18818888 88818 Dmdnzm
888 8181 118 (118811888111388388111888181388 1188881181888 8881
mehr 1888883818188, ι- 888 a 18881818 88818188. - 188ο qm 118
nannet 888188 hier 181831 8181 818 (1818818 818,18· 81111. 818 38
888188188 11838888818883811181 88181 Er 118811188 88111888, eim
38818888 1188811888 88 188 181838188181888881811888 188 (18181 18
81818188 1188881181, 888 88 881888 ihm 883881888888 8181181888 818881
88 1888118818883 er 1888 8181 8188 81811 mit da 1181388 88818 183ωᾶ1
almari, 8188 881888838188 - 110 888888 hier 8818 118 m 8
1188888388, 8188881888, 888 L 3888188 8888181888 patrii 88888818 nid
von 81888888818888181188 1888. 88 8881 8 R 1v 1813811888 8888888
= 81 οΙεθητὴριον κινεῖν 11811 p. 14, 11. - 111 et 88188· - 818 nm

0·

ζέ 8 Ξ-Ξ-«ΞΞ Ξὲ ἓξὲξ- V

 

