166666-661. 66

11616666 66161 itaque, 1116 66 61116 6661 Ρ6166116666 6 t, 6 11. 11666,
666 1116661616166166 16 666 1166616663 6606616666366661616666. 66
161 66661166666111, 6666 661 1161161661 61616116 166 66166616616166616
61611, 6116 Platon und 6661616166 66161 61636166 661666 6166666611
666 (1616616, 6666616 16611661 66161 1111111663 661661 6136666 16116
6116611631 - 166 prmum 61166 6611611611, 6666 mm 161 661 6616666616
6666, 6661 161666. Dm 61661 61636661 heudeempflndungen 161, 61116
6666616613666 1666686661 s. 66 141-’1166 umgekohrt 3666116116
6666 6666166611 wieder 666 (1666611611 6161166661 - 616661616611616
666616616666166 161 6661 ’1611 66161 616 11616666 16166161661, 8611- 666
16166666 66666666161166 zu 166666 - 109 661661 a 6661666 6166 16 661
116366366616616 116636 1616166663, z Β. 16661 1116697, Ι161. 666
2253 661661 1666161 661 1166661661 11661 6616, 1116 66 6666 1v 1016
36166666 im Gegensatze 66 66666 61611 111666 1661666 1116666 1161
3616616166 6616116611 116166 epp. 1 6,7 mem 661666 6611666 qm mm
1616 ,nil 6616116 661166, 611 616616, quod 16661 noym - 1161 66116666
16661661 1661611 corporo 161 661 36611661, 616 6616 a 6116 taam 66116
1663116161 genu 66 6666666166. - 110 666 m 66161 - 666 61611
noyer (Β6616ι661161), 1166 66661161 666616 11116, 6666616 aemi: ‘vm
61661 16661 161, 66 1161 ihm 6661 661 61116 661 Fun 1161, 661 11661
1666 66161 1161 166 6661661166 6616’. - 111 *11666 im 661161 666
11611161 616 1166666666 161166666 161, 66 6666116661 6661 16 666 6661
116666 611166 116666 66666136 - 666 mua, 6116 66616616 6666116116166
1616663666111 11116, 661 (16161 6616, 661 6161 6116 6661 1161616 6666-
166613 vom 1111661 61616161 Im 8611616 616166 6166, 1116 L 1v 9066.
6666616161, 616 66616661666 6661661616 666 6616 1161661 661661, 66
6666 dieser 666 6166 666666 emm 166611 66 616 66616 116 6161161611
11161, 161 er 6611161, nomm, vgl 1066 abit 166 mmm 616616. ’1711-
1666 666 66116166 6166 6166 61611 6111, 11661 6661161 616166 16 666, 61,
661 (16161, 16 1111131611, m 6616 1661666666611661 666616166161 Ast
‹lx-ingen: ι1116666 61116666 666166661611366 116’ - 661616166616111161
IV 9626. 6661 11666 616 1166661161166166 1166166616 61116 6611661611
1166616616 aevom (111691, 66 6166616 661366 666 66116166666, 66161
inania 6166616616 (IV 994 161-1613616166, 616116611 61611131 66161 ms
661616166616. 616 111 sit: 61116 66666 1161 666 11616 gemunt, 661666
6666 6666166161 6161 141 6616116 666 6616666 6661166666.

111 1166 16666 16161661 661616611666166 66 6116 6616661666, 666·
6616 16666616661166 66 gavisae 1111616- 666 1166616166 866666666 6166
— 66 616 66616 666 161, 6166 6661 1161661 116166 666 1166666663 161
16111- 31661 66 6661 6166 66616 116 1161661, 166 6666661161 6661 666
116666611616 161666 1666666116616 61611 116 1161661 6611611611, 6666616
661 616 36166661 1661666 666 11616616 661661 nei 661666 66661116 11661

661 1166161661 661 eorpus: 116161 1161 661166666 116666666666 666 ·

(1616166 616 11666. 116 1161366666 vird 66161 6611666 16666, 61661 vom

Empfinden gosproehen3 66616661 161 66611116 1161 ganz 66166166, 6666

16666 666 1116666666 6166 666 61666661 661616666Ιί666 61661666 6661666

empus 66161 66616611 meu ³663 616 6116166 mom 660 6166 16666661

1611666 66661166· 661666706131 6661 11 911 666166, 66166666611666166

accensi 666616 6611666166 quomque 16616111 666 666 6611666 661 66316161
nomm v. nm 6

 

