vm 666-966.

1691119611 19169996 669 611 61991619 einer 6119119 νοτ (1116966, 61119
999996119 ‘so 661 819111 1196911911, 6111 611 1911111111 1911119119
Natura 616, 1611696196 vom 19916919 6161199611 61119 11 1616619916
1116111611· im (1191911111 1116999, 199111661916111699111, 9111161 99919 (11116
19 611.19119.11,Π11,11919961119991 991163ρί91961 9669911916
61696999 1119111 6991961191 99911969 911169196961911), 9611 1116111616, 6111
die 99669 9111611696 11611119 ist, 1ο 0111111911 lm 69 911111 plebe
61119 99919 99696119 ...3 91196 111 1111 9696 669 61 re 91166699 9111619 69661191,
[1111111 69 indixisse 196 99616991, 911916 196961 9111969661 69661191, 61111 996111
1669969111- 69911919 konnen 1161 19916 nm· 611196 11911691* (ρ.116,66)
citato 9111 Pacuvius, Attius 996 Lucilius 191161 611196 661 mosam (191111
61969. 336); Nonius 1961116 11 61699919911916619191911,66161911111
99619 1911116119 661 69999991 6196911919 (itare) 996 91911119 -·
666 Der grosse 1691611196 alles 61619619, 61991661 191991 61111 11911911-
661911 (6199993611), 11111996, 6111 161191 1191119161, 619166 111911
1911616111 66991, 61911 99 11669 1166 fit. Der (1161961 616 69616696, 6111
1111111196 19 961111 96611 ist, und 6111 ι61111111 9116919 6111611 91111919
1161,199611·9 1111119199111111 99611169616919 611961996691 99111161619
- 6191 99111. 16 19911 10 p. 1061 ἡ φύει( 611 τῆς 9611196199 96191
μὲν τοὺς προγόνου( ἡυῶν ἀνέεχεν, εἶτα ωνεχεῖε 961969 ἐγέννηεε 19619
πατέρας εΙθ’ 611161, εἰτ’ 611999 61661191( 6191911619 -111161191 616
611 11619 19 6191196119 Β11661 11661619. - Das 611161 111611916 1696
1116 11111 61619611 61611 911696 im 196199 611 1119191691 19111111 11996-
691 1196 19911111 1196111691. - 966 1661111196 9166161169 119619, 6199 111619
dom 1117116 99 1111996916 16166 6196111, 1696991199199919919111911111
1661196996 11961119 1199111 916 11661191 616991961910616),111ο 1996991669
999196919991119119161611161191 9191699666999669991696611961119,1199
’ 9619111 19111 969116 99666111, 11616 919161 9661169 9669119. Alo 6191691996 61996
611 11196 61919119.36,10, 1199911696 etms 196111 9196916161 16 691169
9119666691696911969161 9996 691196, 999669 11666 99111111 91199 ab 9911661 96911116
d 611 11111111 1196111911, 91 qua prodierunt 99 11199 9199911919 111116, 119911·
1111116111, 9911191161 6116119116 6169, 11911 pomi. 11119 11696 691 1611691 116966·
1169 als barathrum 16 6916919 9619 6111696916, 19699 91666119 nimi·
1116 6611911166619169619 1999699999 1919 11111111 11196 619 6961, mit
6191 sich v. 6766. 6119616669111 116119119119111111111199 (191 11. 6,16
ῥίψω 61 Τάρταρον ἠερόεντα, τῆλε μάλ’, ἧχι βάθιοτον ὑπὸ χθονός
εἐτι βέρεθρον) 11196 Dionys. 1111 antiqu, 1v 81 (199619 916919661119
Plebejorn) ταλαιπωρεῖν ἐν ταρτάροις 191 6996169919 δαπανωμένους.

966 61999 1919699999κί19969999669919619,1111161191696196
61111161 619191699996 61999 non 11611111 (19 911991 61 1191191611) 91161 9119111
611 (19 991661) 9196691196 9161161 1696 1116 6619911119 199969 61161619, 996

61119 669961 nur, wie 16111119 6199 11196 1911116, 9111116116 1969, ‘jone '

611961196611 haben 11699 696611 11616116 11116 1696 119919919, 1161 61161616 -
11991616. Du 116161 1696 1119 1116 6618666.199916119191111691 61-
161619, 11991196 6611111119 169199οωὶ1611ιῆ9919 in der 1116919 11661696
161611691191 696 1961 aber 616919116 1111111, 6611· 19 66111 belm 111
erinnem, 1196911191 nicht 69 661111· Pom, 111 1169161696 1116 661 Ver·
9199196661 161111 1961191 616 11, 11199 6111191 1966 9196 619 19 666
96661619 1699619 6916616961 d 111911, 9119111 mmm 99 romam,

 

