mssa-em 141

eng 66 6161666664-641 66, 16 116666 (ei ·-. 61) 6161616116 16166
1166161116 61666666 166161 ιιι166616161161 666 1: Vorhgo, 6161166
642-666, 616, 616 161 66666116, 6661663161 66661661 6166, 66161
61661116666663 666 1666116 1661666666616. 61611 mig 66661166 661
616666 ,1666166 66666 666 ursprunglieho zmmmenhung 6666666 66166
1. 6666 66 61666 1166666 16 6661 ’116116 1161161... 2. jn nogat, 6666
66 6666 616161666 ’116116 61661· 86116666 616666 16 61616 6661161161 -
sementis aaronque 16 multas partio. — 86666616666616 1166166166 {ruu-
6666 166 umqum 161 66616161 6616 6661661666, 6166 666 Rumpf 116616
666166666666666 oona 666 666666161666666666116161166611616,
6666666 616 36666 86116666 6661661611 6666666 6166 1666666166 (661)
wird 166666 1161166, 6661 66666 666 11616 66161 61611 66661661 worden
161 - 666 Ῑ)16’1’161161166 66666116, 666 616 gam 1616666 86116666
6661 61666 1666666663, 666166, 1166 66666, 616 616666 6161 666 6116666
6666 66666666 1616 6666 Atreus 666 1161666 bingen, 66666611 ’1116166 161
1166166 tr. 16. 4143 616 8616166666 161 Virg. Aen. 11166 1666666 tabo
61666661 - 663 61666661 666 66 1616666 (11110966666661666661166
660661616176661666 6666666666616666661104 ame
66666661 domito cybeleia [66616666316166666666 0166666111
12, 4³), 61661161 6161 661161, 616 666 666 6661666166666 66 petere 66 661·
6616666 1616 6666661 vird 1616666161 666 86166666 66116661 object
166616 6661 666161 66611 wohl dolorem 6616, wie 16616666 661116, 61661616
wire 6166 666 266616 6666616· dolore 6611 666 6116613. - 667 erqo: 616
66661666, 6666 61616 866166 16 6666 61666 Κδηιοι gom 66166, 1666611
666 6666666166 66 worden, um wgleioh 616 61661161 616666 666 66·
666616166 61666166611666 66 1666 6666 666 ihr direct 616 86186666
3666366 666666, 6666 616 6166 86616 66116111 666666 161
6764761166 61686616 6661611161 vtro 666 161 der-Gom
in 666 1166666 61611-1166666161 616 6666161661ιὶ66666636616 66
1161636636616111 116316666166 66666,66666166166μ66661ω
16666663 6661366661 161, 66 6661611 6661 6166 fur 1166 8161161611
- 11166611 1661661 616 666116 16366661666116, 616 6161 16 666166 ninia
gagen 616 1616616666 666 86616 666661. 1. 666161 66661616116 66,
6666 6666 6166611666661166661661166 161 616166616666 6611666ᾱὶ36
1666661666 666 11661661116116116 66166 mortalis 6661666 6616661 6666-
6161 61611616 611116 6116661116 61 in corpu 6666661166 maur.
616 1166616 6166 gu 61611 fiir 661116 3616116666 61611 666 6661 666
166666661666366 666 6611666666 system 161 6166 11611666 1166, 6666
61611 6616166666 6616 6661, 666 666663666Ηώ 6616 6611 16 666-’1161
6166 16 666 1666161666 666 61166 666 johar 666 immor hminem 666 Un-
6166111611611 verbunden gewesen, 161 0661116666 666 Pythagoram,
Platon 666 Aristoteles, Posidonius 666 Vm. 8ο 1666 6666 6. B.
Platon 616 66666666 616 666161116116116166616 6666666666 616 who
66661.“11,116,66616161666166
6 716), 666 adamita L 1166 mit 666 66666666 66616161 616 Un-
sterblichkeit lagnon. 86166 6661616166 661 6161 6666611161 66 66116666,

’ wmwiruoudoeffluistmduvootkeinoffimmgudn

161666 1166616 16166 (66 66. 4110618), 666 6661 Amen 666 Gon

 

