111111 111-1111 199

11111111 Nom p. 476 11111111. Pomponius 1711111 [80 1111 1111111 mmm,-

11111 11111111(Ρ1111 11 formis 111. 11111. p. 44) 1111111111 1111111111 9

11111 1111111111 Ia. 1111111111 11,1111 11111 Auden, 1111 111 (11111
V686) 1111· mit 1111 1111111 11111(1Π1067 111185. 391); 1111111
steht 11 11111111 1v 1117 1111111111 1111111 1111111 171111111111111·
11 111 11 durch 111 1111111111111 redit 11111· 11111111111111 11111111

(1111111 11111111 8111 1111 ῙΠ 118) 11111111 ioh L. 111111 11111111. - ’·

1064 111111 11111111 wie 11111, 111 1111..’. -· 111 11111111 1111111-
1111111111· 11 schusen aegeum 1111111,111 1111111111 1111 11111111 d
1111111111111111111 101 1111 geht 11· 11111111 m 111 11711, 11111· 111
111 11 11111111,11111111 1111111111 111 11111111 111 1113111111, 111 Ver·
1111 1111 11 1111111111, 111 mr 111111 111111 111111111111, 111111
11111 111111 11111111 11111111,111111·1 weil 1111 111 11111 1111111 11111·
1111111111 111111111111811111111111111111-1111111111111
1111111 1111111· 1111111111, 1111111111 111 81111 111 1111111 begiano
1018 1111111 hat 111111 Madvig 111. 1111. 1114 1111113 gelmon·

‹110 1111111111 111111 mr 111 111 aber 1111111111 ²

³¹.
’.1

121
⁵1 ÷
11 1111 111111 11111, 11111111 11111111 117 1111111111111111)11111 111 1111111131 “ {1ss

11111111· Β1111111111111.111,141111111111111111111“Ψί111ἀ ,““

1111111111111111111111111111·111111111111111111111111111111 2,

1111111 11111. 111 1111111111, 11 non 11111111 11111111 11 {px 11

11111 1111111111 1111111111· 111 111 11111111111111111111111111 Ἰ
111111. [1111111 1111111111 L 11111 tum 111111111111111-11111

11111111 1111111111,1111111111111,111111111111111111111111111111
11111,111111111111111111111111111111111-1111111

1111111111 11111,1111111(Η11.111 117, 11 111 11111 111 finum 11111111
11111111 11 1111111 1111111111 111111 11111111 11111111 11111111), 111 11111
1111111111,31311 11111,111 111111,111111111311119,1111 11111 1111111111
1111111111 111111 111 percipit (80)· 1111 absolut 1111 1111. 111. 111, 18
1111111111ςυί11111111111,1111111111111111111111, 111111,11111111111
(1131111111 111 Η11111 111 11111 111111111111113 zu 1111111111 111 -
1111 1111111111 111 1111111 Nur 11111 11· 111 untur 111111 1111111111 111111

1 1111111111,111111111111111111111111111111111.11111111,1111

11 11 7111111111 111111, er 111111 111111 11111 111 lingon 111111 (111111
11111111, 111 11 111 11111111 1 1) 111 11111 dem φυειολογεῖν hingeba-
1111111111111111111111111111111111111111,1111111131
1111 11 Fruge steht3 1111· 11111111, 11 den 1111 111 31111 2111 1111
werden 1111,111111’11111 1111111111, 11 1111 111 111 111 31111 1111
11111111111111111111171111111111181111111111111111111111
'rodo 11111111 11111 mm 1 m (1111 non 1111111111)

11111 111111 1111111111 (1111) 1131 L. 11 113ωῶ111111 1111111· 11111111 , ¹

111111 1111111111 zu vl 318 111 reomao 11111111 1111111111 111111 11111111,
1111 111 ramundo 111 11111111 111-11111171011111111111111 1111111
111 1111111 a 1111 1111111 111-11, 111481 111 1111111111 11111111 1111111
11111 11111111 frangendo 1. 11, aber 111 (11111111 111 1111111111 boin
1111111 111.(111.11111111,11111111· 11 instrumentalem 81111, Virg.
Δ11Π111111111111111...1111111111111111111,11111711111,11111
-11118811111111111111 117111111111(11111.)111111,1111111(-1111
111111)111111111,111111111111111111111,111111111

 

