vm 198-114. 71

166666166166666116166 66666616 666 16666661 6166616661, 6616 66661 611
quatiam (11 610) 6666 quandam» (111 467)6 6666 6666 6666666
· 1616666666611166, mit quare (6 lt 118. 679), quapropter (669), 161166
(1161). Quatenus 661 6166 6166, 6616 61616 toi h (11 92⁷3 m 4243
1v 760), 6666616 Β66661666 666161 61661 616166 quo fine, 66666666, 616
Woltjor 66666. 119 p. 788 will. 11666 der 1666616 666 ,166166 u. ι,
616 11611166 a 6 0. 1666661661, 666 616 616 6616666666 wdetun 666
einum 66666166 quat-'m (66 611. Otm 161. Ep 1 410, 6) 661666661661,
666666 6166 661 L. 6666611 quatinus 66 6616661666 sein, 666 11 917 666
IV 760 6666 6666661661 1616 6666 616616 6666161, 6666 t. 666 616666
1666616, 616 16 666 1666661366 8666666 wohl 1666 6166 816166 61116,
66666 gemet 6666 gar 616 6616161 6666- 66616666 6166 66 666 66666666
8161166 61661 61666 616 6666616666661 gebracht, 666 616 8661666136·
rung mohttertigen 6611, 6666666 6666 6611661666, 666 6666 66161666
666666, 6166 66666616 66366661, 66161 mit 61666 66666 11666666, 6666
6 Β. 111 467 1661611666 61616666 1166166 16 6666161, 616 66611666
L 666 8666616166, 666 66666616 mit 666 φαινόμενα, 61661611666 666
16666 6616116166 ἄδηλον, zu 6661666, 66 66 66616616 1166666661661666
Dnrlegungen tugenttllig 666661166166 66 166666 - totam, 66. 66616666
666 anima, 6666666 118 6661616666 6666 6166 1166611111 616666 666661-
“ 86666666 6166’.- 6666 mam 66661666 1666 mr 66166 6666 mamis
6666161666 zu 66616666, 6. oben zu 6114, 6666 666 166616 mm
666666 6666 66661166 6666166666 man 666666 66666166, 6666 616166
breitung 666 86616 durch 6116 Β661666166116 666 11666666 6666 6666 166·
1666666666666 66616666 66166, 666 6666 616616668611 161 wie 616
86616 6166 nm per 66666 661661, 66 sagt t 1716666616 6166666616ιί
primordia 6661666 mantra, 667 eom empus 66166661 (anim),
691 omma mpavmvtmamwaossaque, 71966666661666661
suptiliter 6666 eonem (666666 per 66666666 666661 6166 περιπλοκὴ zwi-
66666 666 666666 866166- und 666 616 661166666 6666661666 (6 8611.
op. 1 6 8, 4) 61661 6161166666 1666 Neam 161 6166 6166 16 6661166666
81666 666 666 666661661166666666666661866616661, 6616 1161166 (16. 91)
66666 666 einer κενοῦ παρεμπλοκή 6661661.

111 aptatu 66666611, 616 6666161166 16661661 6616 6666 Boeoti
flos 1116 6661661616 666661 66666 1111116 666, 681 11 848 66661 stom>
6661166 6616666616161,8606116166666666611666666666111616666666
auram. 1166661116 Β6166161 6666 wire 66666616661166, 66666 666666 6166
‘stt’ 6666616166 L. 6666 616 zu guter 8666666166, um 66 1666666166,
6666 6166 66666616616 1166661 um 616616 16166166 sei 616 6166 16166666
6666666 6616666 nur 666 (1666666661 36666161 6616, 66166666 11 846, wo
6666 ieiuna ‘ohne Gesehmmk’ 6616616 867 6616661661 sapor. Dor Βο-
666166666666661 161 161661666616661166, 66 der 86116166· 866166, 6166616
66166 Rauen 6666666666, 616 86666666166666666666 6666666611, 1v 6166.
- 114 oculis 6166166 666161 6666 66666166 616 cernat 113 666 66 prae·
6161 110 66, 6666 616 quantitative Vertndemg 666 1166666 mr 666·
666666, 6666 66 666166 161, 6666 666666 81666 616 6166166666666666
666666 - ,166666 66666616166, 66 6666 6666 1666661666 666 86616 666
86661661 666 11666666 61611 36616666 61616666 6666666 666666, 66 661 616
86616 6616666611666 was Soranus 661 1661611. 66 66 8 mitet -

 

